0.3746993377440814
0.14146626915157512
0.0005036679947373335
0.9178743961352657
0.03514379695357628
0.014270077581451268
0.1500479480615
0.15098677111444114
1.59407282862567e-06
0.6472028299057909
0.1414189185864546
0.0001217757216621651
0.42949067862300183
4.335928471821404e-08
0.9999957669717243
0.003099395926865256
0.026304024466588305
0.9782040679203705
5.843502897562303e-06
0.045433597121690594
0.13539356866755903
0.6554728882843289
0.05227962710550493
0.0010514523618460059
0.025599134404035495
0.0007307000774362526
0.3334422556517963
0.3846153846153848
0.005208940944332774
4.658290042836022e-05
0.003497276256203441
8.290717538583792e-05
0.001027366700413701
0.25646677459196554
0.0010107322777955785
0.00026477718154593877
0.02616605260679694
8.158469566588167e-09
6.525668894141745e-12
5.4679545139380004e-05
0.9999998962704347
0.0001355743042971147
0.06728078317109054
2.2448709557920665e-13
0.06422905660099854
0.11374531126230969
0.026499317110309728
0.002845112936087024
0.9436176710983645
0.016250798478472328
0.09219211952195705
0.9335655965162108
0.8203446112627379
0.33698313090118615
0.1577976239662603
0.1837398722074416
0.011813047219412343
0.9645099538528659
0.12147589298079908
6.714836701116056e-07
0.12698412698412687
1.7470129452856753e-05
4.426858168726788e-05
0.8297152177082581
0.01658922534789342
1.8770496268416537e-10
0.008563155076605211
0.05157809356018306
0.05022520506097339
0.05584846707380664
0.2561119313570249
5.782390364639234e-06
0.00019846177875848525
0.07066117375098402
0.3449748821541865
0.6490038968485806
0.42845569363871294
0.0030075939982362465
0.009508798745212821
0.2320180845296811
0.09195402298850586
2.14810214753669e-05
0.01987365916654038
0.5863989668824442
3.4739338627964855e-08
0.1390725564088613
0.11735121293154727
2.22929395634619e-05
0.0004646896876987494
0.007747499517937184
0.20511466990497385
0.08914357828209474
0.00899993107274677
0.011347664413961622
0.339467943665567
6.067238559448462e-06
0.0021019807730130458
0.011236892227417306
0.001725280885565339
0.008852926393057792
6.933350985960374e-05
0.3013801417168669
0.0011056252117315202
0.00028013258607806346
0.3846153846153848
0.07313372759784154
0.006460286374122437
0.011757468989501918
0.21864188034278964
2.0653374566137472e-09
0.0004977908979165724
1.1432294000357501e-07
0.0015964529186269782
0.17717403568396872
0.07159842896484048
0.4829179510113536
0.01592200280714351
0.015394473332803194
0.28212911869750845
0.11967435807657534
0.14048220606432804
3.6990323865615515e-05
0.34163392546329063
0.0018087409762813644
1.179841960208261e-05
0.0038663424666490753
0.07029897628449644
0.8213507403209114
0.2046074462088996
0.7869457786546827
0.995882107027539
0.004112103245689114
0.07515489137312592
0.07952492513896392
0.46799634871109264
0.01616327757860092
9.560953304621478e-07
0.9912207644174331
0.0542620907523379
0.805263967304721
0.5763349570193247
0.33423913043478237
0.0001108077884851566
0.913028872257417
0.6156000659963319
0.053366591421889265
0.03241049057525247
0.029625022811235024
0.00848724825688063
9.87118798781994e-05
6.679378079443854e-05
0.09409027750664334
0.06487273250439562
0.28707500832893684
0.004836288037490699
0.13861538206754942
0.00027229530137262703
0.008481506729306587
0.0006630118645449823
0.043137553101696424
0.5826296743063932
0.0007777345023722848
0.6911764705882352
1.8241246690919866e-07
9.089595085975954e-05
0.7509207276898252
0.0018566004360633936
0.4737672181921908
0.4737672181921908
0.12138365142244134
0.000994851236121086
0.0
0.00015652311760183668
0.00015652311760183668
0.0701638069280397
0.15729354027898435
0.14559129357042755
7.597869937081558e-05
0.024767144793358065
0.9999952271623419
0.3390468496492144
0.8439189474636727
6.214900860401773e-05
0.006902722140898709
0.2620723392940134
0.0036274840823924404
0.04235420997851935
0.00453806260286338
0.12698412698412687
0.0024649013624649108
2.2851395836798183e-05
0.5031166878193556
0.12698412698412687
0.021317064635059113
0.0025743819414979496
6.88373634361028e-05
0.3570267552277899
0.9999838657822936
1.2464000564982314e-07
0.12698412698412687
0.7038145673013375
0.017756016361840765
0.2682816397313379
0.061054415697893605
0.0006760170393812492
0.24518595461516812
1.8364194454001392e-07
0.0009263733054970524
0.18485714793498476
0.5262327818078083
0.016927034548720465
0.00011440872379875344
0.0006563818279596845
0.726124293955297
0.3243962126833212
0.00016365727475287084
0.1366734787535655
0.000489785837131107
0.1910737490123765
0.007211396886273258
0.8721970331165382
0.014239558040106792
0.006887666422746741
0.633154654072697
0.5704680859143548
0.1005392714303377
0.2366629496363727
0.04870862058053782
0.3071786083572168
0.09722003617581554
0.5262327818078083
0.00791396285323942
0.8573094939942617
4.6285861557970875e-06
0.03744338288822413
0.6755407653910152
0.013548660468662321
0.26449116061860745
1.60972708829199e-07
0.23400869181293793
0.14107322118793164
0.23094968581037856
0.3364448541574686
0.006958476312318718
0.08620494601942952
0.0396711666893198
0.2649096284430795
0.6705461940370152
0.044835793985001704
0.14080939034405593
0.6127357326822858
0.009336233557019513
0.0004590470697586335
0.06232249945074375
0.927134168908968
0.34527875471283087
0.04978479686777759
0.005885082053153745
0.9999778245745048
0.4568720916646224
0.3935742971887549
0.192823632484449
0.16041466119695258
0.40315350572036956
0.0006378387127187191
0.6317853705682674
0.06598075179549867
6.439293542825908e-15
0.06880768401627235
0.04593893011892969
0.9999476424153961
0.08897724944629537
4.2301437516267804e-05
0.534561848799451
0.13550382648075476
0.015901549050520547
0.00019418765489009893
3.303728055681354e-05
0.5262327818078083
0.21984374242504057
0.8585858830439952
0.4190904561775609
5.840050717698109e-05
0.6299688524488626
0.6902160757190783
3.428967965124485e-08
0.002750952517853178
0.0005140696614839291
0.07168309354899782
0.45366376220640003
0.06202429200560955
0.2033183330423105
0.013003406404009099
0.7305520735370584
0.00019544749901501124
0.00044304111207127406
0.08740642660009579
0.31632428562381576
0.020331186449458305
0.12259065605468011
0.009111519924560718
0.00234053361040798
0.0002650171022305914
0.42581389983146645
0.045737881380380596
0.03180123993718986
0.3071786083572168
0.8957515715204107
0.2022063829752908
1.3081686838334328e-05
0.16415170805419954
9.901737207940187e-10
0.27507814385698515
0.7413186702477653
7.474682076846761e-05
0.6691794753386375
3.445941680624287e-05
4.4068395758101175e-06
0.0052569662847776755
0.008435553246995409
0.0035286453224374625
0.003486990487519992
0.004868491241704631
1.2858603071208563e-12
0.31128869399032466
9.30448546972995e-05
0.0026539340411675383
0.511652609428795
0.24328021613454698
0.0064331297760652495
0.0021825470227703203
5.580615369482622e-06
0.9618265285376457
0.165515519583337
0.5
0.08972281170686047
0.05358503679181981
0.0013305046613149019
0.8642628052683963
0.02640689958548914
0.05642205877284623
0.002447089462745411
0.18354985152831038
0.8765840878550523
0.5323029166616317
0.9974205876369135
0.0003749555970347096
0.17907478361418705
0.05973074003494816
0.15800737388071429
0.14253726697503477
1.342164302364779e-06
4.3188689430095906e-05
0.04842559019278414
0.2396731143166988
0.005788204706577593
0.4096917518114591
0.04192617146444555
0.007358316170085644
0.003204384588131548
6.265038725694616e-06
0.003008150377397434
0.9054115205218101
0.04243495568578859
0.5553635066694937
0.029339900786552353
0.050223135571582866
0.06404119418713994
0.0010675020543570168
0.9371538525644243
0.0071632785452230285
0.13689197131973574
0.06403142481078061
0.0811827467942492
0.666527705502101
6.910519523284364e-08
1.4976946970612914e-05
0.01921099072656074
0.8241286978237922
1.9099792516019676e-05
0.3075601374570447
0.9644539773792521
0.8713431630953519
9.949787610585847e-05
0.0015325534412246045
0.938472325409412
0.001523341743966844
0.013768154879501115
0.8074818726998266
0.5262327818078083
0.03963364901744182
0.5099050763516304
0.026096438815543466
0.33187117130143573
3.224277811408882e-08
0.01963736259031701
4.352750665137517e-05
0.03021213280149815
0.14107322118793164
1.1923527187818195e-06
4.758304737007002e-06
0.7930867252217685
1.6558510562703077e-08
0.9984863958856907
8.9935613096781e-05
0.008130605027511506
0.037476369013213606
0.10982525440510127
0.00021505201231297733
0.33476423336349737
0.0010953505114087436
0.03662365110324084
0.021304678150109946
0.5737361636788517
0.00048764339657259015
0.001228386307725593
0.2779405853158159
0.07491869823010555
0.7020016082139283
0.18015044025285842
0.006268059807890136
0.96335233248311
0.03378871816181628
0.03052448775823713
0.8893143759982773
0.00032545376576764706
0.002849497199274742
0.011763674011001424
1.0
1.0365531466494105e-07
0.9765680979628149
0.000309460273534512
0.01900477719790994
0.008668676861671498
2.613538274687244e-10
0.9999999999998594
0.0005277139638169004
0.08705355799205095
0.0006593486742615395
8.172660243388474e-05
0.02128995137291101
0.00012762933225796136
0.12223812492748609
0.017551824341457745
0.9994383193546374
0.3846153846153848
0.011828020811691431
0.9987649735726065
0.00010117128060727065
0.88901099375653
0.5999999999999999
0.0050857540684954294
0.8777137293982051
0.365189445574439
1.2821688080144611e-05
2.6645352591003757e-15
0.08977563952868062
0.00019647956260138155
0.7332958092062256
0.5533048700601984
0.6960665562751752
0.008950923395506072
0.0860085152477037
0.0023850377496860142
0.047324141732225655
0.07828310401533267
0.19251288837294445
0.7129026530030823
0.456008449230178
0.0010340824200447685
0.3490807141472395
0.9641310730281741
0.02294014858903859
0.6774921075767265
0.9999866479381959
0.5779356223689285
0.0909067391073769
0.33122689083109635
0.9349823410181411
0.001154774570608308
0.10037364215448297
0.20016059901938277
0.3592894773944916
0.004680815935737548
0.0006437553360009174
0.015087848335452514
2.4565911607155044e-05
0.0003589126826181177
2.825437685272103e-05
5.775595900714414e-05
0.005350300718086398
2.618683344357553e-05
0.0009549093484535476
0.14700268809943817
0.024036709144735213
0.013812647377318243
0.12555212665582616
0.06293470103209708
0.022450108752324227
0.08619623528262588
0.038108570937482544
0.11976669445991239
0.02994561700325582
0.8617629969070045
0.3606969686864905
0.23077589291017653
8.74330263744838e-09
4.9241036616520795e-05
0.5420490367044027
0.9970459949168734
0.9904990790537282
0.15301539142784648
0.013398131326760043
0.0853080843655788
2.332794180048836e-09
0.8522212743610861
0.0004948086213223402
0.16471267246588583
0.9552809165516302
0.5788033643185336
0.6668638001472164
0.003261018388810988
0.34527875471283087
0.037389363034225354
7.446397691790452e-07
0.08290323738602112
0.35563038809329683
0.3964619454789309
0.0
0.7497147442858353
3.415128856376626e-07
0.010883294022001944
2.561131905443048e-07
0.00039650254885248426
0.00010439879626222837
0.00011319760494854503
0.8113621027690625
0.0784880611484935
0.0012707964060826304
0.48573733339390157
0.9969423414696337
0.001479607491264634
0.02712977840858921
0.40287700424676465
0.9995847188072292
0.018524205894307366
0.44321499896044214
0.0007705686918310084
0.008671611596917317
0.00021500828953169293
0.0020888605382516356
0.5528248556301442
0.0006434960523120647
0.3371761513684338
0.5262327818078083
0.002579462887620898
2.1567899272101343e-06
0.8294673473205539
0.5638140839335967
0.10508967420781734
0.05811534495994641
0.9778990748601026
0.000991979726674641
0.07800048173875196
0.3846153846153848
0.2994511875706315
0.973754217750999
0.030764836398349704
0.014035627036615317
0.999958037857395
0.31924033535502805
0.2994511875706315
0.07080108581901046
0.24347826086956503
0.07481572782226642
0.9925407941547879
0.2778923966237338
0.0003621169145858749
0.6307026385447886
0.2764966211690316
0.15424709230494138
0.04529965570283223
1.2923574449819064e-05
0.8312920360255934
0.3286920238114964
5.702806559848561e-05
2.295131258489569e-05
0.19810158001164802
0.5976823093394925
0.004477790224887257
0.005585271552563387
2.258197445703658e-07
0.12335713256649261
0.3671214851733271
0.00018418386278651333
0.5664000376267393
0.0008939097077361735
0.00743876052047554
0.7807192821152915
0.0031661563776348434
0.006405732065937975
0.8577236197953716
0.3221479341692879
0.961188371476266
3.008719461905507e-06
0.0053086978353587
0.00537442106578101
0.00942007837142711
0.5950201187623354
0.008476159440697684
0.260509675213345
0.0035998962873565743
0.2232917510053425
0.0780669144981413
0.015303369312666848
0.5
0.9999634631217819
0.03671600019957566
3.8034624483263e-07
0.1380339790401861
0.8758778208962923
0.0005375278736901024
0.062437273380669955
0.05023956375049621
0.027919737365952768
0.1729900575717136
3.331151499141871e-05
3.504067336290717e-08
0.0699183387732566
0.25377843898757413
4.379455379011077e-06
0.0685158592380779
2.7422508708241367e-13
0.47222779540339
0.14224054493906502
3.0232290879395052e-05
0.5608552201688802
0.018173456013085176
0.9682476380042158
0.00011423427883638926
0.0030316287987688373
0.25829849425229623
0.5262327818078083
0.9794930167280621
0.005105201528053049
1.1427587298662445e-07
0.18938777384984162
5.1287259427157394e-06
0.6662961497062241
0.9109865554817858
0.00140113468492864
0.04597011064750778
0.006374201085376341
0.04069886258819444
0.07981156601981554
0.040650648991142124
0.02784437376858273
0.08156763933369393
0.19507008631646472
0.9997858050449383
0.0009305705922700858
3.880994535299109e-06
0.07657513287741269
0.4701871402325215
0.12350856163740875
0.0022262917226392176
0.5262327818078083
0.01770310126740582
0.008895802167129152
0.068799342614844
0.11945093358481362
1.1671540407487413e-06
2.103503762285186e-06
0.7618786817896175
0.7296968475595205
0.7639774769216772
1.6635478237159163e-06
0.09698176181129814
1.3353527861026393e-05
0.2272902781194387
0.00031545655399778383
0.9964240658305126
0.005814838450864834
0.10319973645614322
0.0019015705502785085
0.12698412698412687
0.7750543296356952
0.7147070107476505
0.06433124448674521
0.8115921795372837
8.22612401063516e-06
0.21205616176384456
8.846582589816521e-07
0.0014899327963469045
0.0
0.18623966447764229
0.7345865006324231
0.037400878262484394
0.45656535620237115
0.12071998848132492
2.1292129592787035e-07
0.008637725882144398
0.5054784337569991
9.256400405055487e-07
0.020010658929222935
0.19657469908465608
0.12540473987398015
7.942509685043841e-05
0.40067673279573834
0.008928840406629779
0.5523463156594545
0.31329012249487254
0.5553837788066576
0.09326104737533836
0.9916359079600695
0.9980714298059851
0.004887010369021838
0.016279178018329676
0.0018697086371198823
0.0052212478671804785
0.8928420708315096
0.8684210526315791
1.5581287690080714e-06
0.004085034303626167
0.21378538270542446
0.0002753635030720014
0.38526266279757837
0.9629100065468786
0.001430383910349775
0.824935694733259
0.000569424540974528
0.9999999999988962
0.8916457073127886
0.12540356445982181
0.23957086885253154
0.08620494601942952
0.45713143109577925
0.34307691971583265
2.4280183530400734e-08
0.030332131959209918
0.0
0.533500267048378
0.002081520976531248
0.000663468362893993
0.018471760030058793
0.010482332720343046
0.027244029680288717
0.01084037904396351
0.10265316792776069
0.058835528245044566
0.000422429736181007
0.4632064300141454
0.0003301533943623758
0.0006448102291236602
0.5716916261744247
2.2005171018690817e-09
0.10513597475601211
0.0013220282173698195
0.02726319425509649
0.0007035407358003676
0.048973755993586665
0.997517673449119
2.4458053360376653e-09
0.004254070655198117
0.9970642113096861
7.642246314665258e-07
0.024421504420201523
0.6715971325800516
0.009073195114731814
0.02050263343902825
0.03932703783986735
0.801694049298415
0.4704678535645309
0.09637029225585281
0.6558628208940429
0.9521653154228107
0.2546445658398031
0.3846153846153848
1.0041657849679808e-07
0.0001358207052014615
0.04369561310465908
0.0018147316612809883
0.8798257854046053
2.284869396462774e-06
0.03462924995499306
0.03715277003965933
1.609696084092782e-06
2.002712123805317e-06
0.0015095967801510568
0.15607782636885215
0.019232361575630352
0.04783689269750446
0.28668263506758507
0.824383178027004
0.011292239636744195
5.0252134567108087e-05
0.09727270530229826
0.0018500192572927787
0.0017461095180889563
0.00041285202708873925
0.00826854223252349
0.210784382122572
0.3846153846153848
0.009186030611242013
0.22890838636692756
0.14530335142006146
0.007355078793974679
0.3318796606699791
9.585388409982798e-05
6.661338147750939e-15
1.632228569925509e-05
0.814991102424489
7.7827030767752e-06
0.9998811262427818
1.2945200467129325e-13
0.005719408844691354
7.543367741325024e-05
0.9943951588144595
0.009356139008160347
0.8731012380416
0.378246244128278
0.8335426179845642
0.5530469593931906
0.38603851676133527
0.035706754263257534
0.40000000000000013
0.0678995703170262
0.7194444444444446
0.8731161081436216
0.6171764534297576
0.6759222803314866
0.9140092329154376
0.9986137762803573
0.9985950064328196
0.001590875663249891
0.5067935931114352
0.029067723857836403
0.19684572781287424
5.648047167094994e-05
0.5
0.5056272680164552
0.3693910911319984
4.7800424118005225e-05
0.34742388962386894
0.0029842920383685856
0.00041398767249434254
0.09272318668057877
0.3855268801054891
0.12497184517444548
0.9449059391568497
0.00917744432770451
0.00041178986317735866
0.028375651560000548
0.45384262665009556
8.384689916496324e-05
0.25470114287040346
1.0445809217607405e-08
2.616121697007756e-05
0.029524138106732045
0.0067302055727491705
0.9989245660615839
0.07099640545321106
0.944375120601537
0.001549997042188278
0.06620441886707795
0.9998602319414335
0.00018684882598174468
5.274082997996921e-06
0.03681570252472155
2.1210551259809307e-07
0.9257796178200907
0.00031238877396677633
0.10457209783475097
0.055062760314068204
7.836646952252835e-06
0.017306103185728117
0.003986664475539525
4.476944707887398e-05
4.476944707887398e-05
0.022919276786642073
0.0004791492354874194
0.0810129557220104
0.13973407860613885
3.041302142348101e-07
0.08143246101069312
0.008642671872925445
0.007792651423468966
0.08030318689256166
0.3932366795318637
0.5
0.44551777344856636
0.9999999999986455
0.9999999999986455
0.016134771902684086
0.06011694732744366
0.05927136869835037
0.014164178119570936
0.008063318813564813
8.205753815326844e-07
0.012329124905689826
0.19536640023615282
0.3245447302597594
0.1569281039706666
0.017457653571066212
0.9999999999986455
0.001371723085893839
0.12960992441680463
0.04492498416826629
0.9999999999986455
0.8093390136520258
0.10672426219577869
0.04755554491857672
0.05679576293941124
0.1597782753067638
6.861373691435801e-10
0.11536576121813535
0.031701753938591204
0.0016243450380233337
0.1223367455384512
0.0239481134967352
0.02396970517879138
0.5
0.0002536328140549937
0.9961676308925529
0.9978736672136589
0.0019682905391010808
0.0072603877709381814
0.9999999999986455
0.278758975133527
1.7332886237397815e-09
0.7901811119739044
0.0024229337616585855
2.8266775208285466e-06
0.022320672525228402
0.00021896150117683977
0.02975240720504102
0.03712900599833946
0.019628650542448667
0.9999999999986455
0.9795234659171151
0.34687397302452827
0.003735414894847633
0.0002744389097514288
0.0015502380866929677
0.09658667205919558
0.2061613551216963
0.7860545955902501
0.2045695983291591
0.0012018076860378368
0.0008252499942290603
0.0766084540003108
0.48449555253406795
0.2990654205607475
0.14863735218963114
0.11923790133096857
0.8043767213324318
0.001666773430894386
0.13233443968276648
0.02416889303708336
0.06986019161093893
5.571656431002658e-06
0.0013964395834196175
0.43181505128867204
0.00015888803181407507
0.31128869399032466
0.9999999999986455
0.1906539938958498
0.00206732216689276
0.12263755895732575
0.03712900599833946
0.10226937862091945
0.003356100227237535
8.350813980528837e-05
0.0018553097364785165
0.9999999999995159
0.052154614940153166
0.7628720943241932
0.033248116086308066
0.22601732940620023
0.0008425998003745994
0.0332580835346975
0.0005253349376037608
0.017046388136048862
0.20679331320511873
0.0014633382857239807
1.6492736065742974e-09
0.06707901946474293
0.016888288023733766
0.06338253072445366
0.672095619271473
0.012916284409971612
0.15437692020924443
0.16929378137976492
0.34527875471283087
6.802882522083387e-06
1.249275013104345e-06
0.33299596415903876
0.07223071573346074
0.0052118588190791515
2.1749076782318078e-05
0.06506189595682044
0.023611593244870832
0.17614465634245913
0.6558628208940429
0.8040279454709457
0.00020678408346752608
0.02196236159952225
0.0013356947123802643
0.8029575603331032
0.48405132639101633
0.0013514350615629889
7.089428248197027e-05
0.025345078497905682
0.007635183581164329
0.21108628725946244
0.20812478513593846
0.039937497228758057
0.054852879465544735
0.8954219445586423
0.006290561795436078
0.026128025262367682
0.12661523638950345
0.0002731662594250839
1.7777035975496958e-06
0.9999999393017444
0.009644316772094097
0.886305659830214
0.09239735130505111
0.4081447470922487
0.020757144724665166
0.2117495476436272
0.11813502651054986
0.11005656776511286
0.030774041702363863
0.0013166472763962433
0.28342175833041605
0.004124630102227522
0.34158951580244123
0.0012056346120440375
0.00013086290860320204
0.0046847794960419575
0.0429250888965389
0.008277971140988605
0.9925723209082987
0.5
0.00013666922179156327
0.002880162494074967
0.0761451613285049
0.0001355265968944197
0.009230188084546231
0.39417827643402814
0.4391801542957754
0.026468950358331966
0.000315549055223463
0.9999951448574236
0.9867198871789323
0.215951538251151
0.040785946774182014
2.0046859505740144e-08
0.0065329077002980185
1.8077216041856303e-06
0.005551181973509678
0.5746682977321914
0.13398793770190787
0.87883551428156
5.843111422187963e-05
0.9492600768734248
0.0032287035800806496
0.024149906404516863
0.03195586824086505
0.18094314446145032
8.15062020842472e-06
0.00711535743452385
0.045295733334853816
0.9640878136450035
3.8816889336157345e-07
0.13892191807178345
6.784857620178997e-07
3.2441614483680326e-07
8.492317959962747e-12
0.06403073120880709
0.7358207274523703
0.6317853705682674
0.0678995703170262
0.005726410290102901
6.803213784545292e-07
0.00011098570019052456
0.9999999999986455
0.5288073040059742
0.08014653308561259
0.9998769693929757
0.999783631042092
0.3915754775439405
0.6710936137630885
0.8667143474768435
0.0024621521898088305
0.3846153846153848
0.7740107430651256
1.5720974105848384e-06
0.6461275970637628
0.9415985246328502
0.04788884934602411
0.032903644249145936
0.0013392310454947154
0.10518494416600421
0.006783777419737791
0.14297554000088097
5.985440890365901e-06
0.9999999999986455
0.991213854950773
0.004846456361214724
1.362682596128817e-05
0.4140333352895069
1.0706098774182493e-07
0.21977739099932392
0.6558628208940429
0.24073585497890593
0.00020393124366946402
0.9991180163924979
0.7685570171333924
1.9125372630046655e-07
0.0006551513707958589
0.16445946397173838
0.003071288324576038
0.0001262124691662203
0.000997694801861293
0.0021900714002172084
0.0007450156428163712
0.5951877637761799
0.6558628208940429
0.5939352507526103
0.8384277666793102
0.0054761270708332255
0.7647058823529415
0.0
0.9047619047619047
6.823315417481268e-05
0.9473035334104162
0.3901472957062172
0.8510269123131757
0.9934441003577047
0.0009545753256738898
1.6653345369377348e-14
2.886579864025407e-15
0.003880936637626675
0.015006293012664651
0.00032656618160420425
0.001371395513125151
0.3205815415310954
0.005230849943801186
9.368404751963766e-08
0.007917379444805195
0.004852823749843416
0.00024967116821061897
0.9000332952277492
8.966161146872764e-13
0.9444335257404186
0.0989714892301542
0.10219389894119668
0.31123441421222675
0.0003560513478718663
0.03207057750045805
0.5825444367088167
0.999835586974509
4.2851673387467315e-07
0.030524960580843197
0.09445724825798463
0.15711136448601437
0.09888996053959442
6.812226811114819e-05
0.668172446589704
0.3344240907307201
0.08061075382456162
0.9833710207248577
0.5264638521176814
0.6509217687997968
0.0013701187170157558
0.08017857408884599
0.1022459455039566
0.0005181950740082986
7.80905291652978e-07
1.940588356674766e-09
0.09836111316176566
2.2935732602036296e-06
0.26739685999407814
0.005337155228460677
0.11379078879701388
0.0005196695330884626
0.16090490083047582
0.0
0.0006612539217103475
0.8515791140142217
0.3929831244364389
9.312707035558088e-05
0.003575786471546105
0.6571387611377076
0.4493274503929431
0.369301893176489
0.013803249137003148
0.000896973944645274
0.875
0.3671726868153903
0.15266382721903482
0.04880114226454513
0.9672258875893799
0.0005190288661315323
0.003364576844469669
0.0003336902162739408
0.571177136140623
0.19856611977000627
0.3695318940447404
2.5243796538676477e-05
0.8612132352941176
0.9620267154938625
5.095931154053268e-05
0.6755407653910152
0.6382252559726964
8.335816954851971e-05
0.9879660655314166
1.1349668952997938e-05
0.1525819050939008
0.7519066803388309
0.239109073538042
0.00011203185263308768
0.000677470653043466
0.006209744471566192
0.38335120229210473
3.329090618964248e-05
0.00039188240786480755
0.10670384389106136
0.09912882833795056
0.03111548579751855
0.006208869434377151
0.12593034527228386
0.17903952837991888
0.3854479913837008
0.0029118247056164615
0.08300565319281417
8.318899430426185e-07
1.2708717274101389e-06
0.9460928987180616
0.00016688129464370594
0.026154412001856087
0.07219321641552467
0.058187849583754114
0.003153009706745147
2.7640106839976752e-05
0.12066462945342937
0.0005063948503847282
0.7418863854045952
0.0011485044061062544
0.156273344785112
0.003838609586934938
0.07027294008363416
0.9115163781340166
0.2327151687103982
0.7158498254612884
0.00011979882439272505
0.1618420951640004
0.9834978140503319
0.04878421925018683
5.48399352640061e-06
0.41639070474997886
0.3124532434390527
0.6645037616567715
0.0042282388893480904
0.22281380768714854
0.7822400406318013
0.8973729538496619
0.050404508881201515
0.0032198276703568895
0.03466153891414259
0.042369938392386675
0.1525377707975415
0.05014110713873987
0.979560691771941
0.19664381585974677
0.008339020420199628
0.5801324843076235
4.778319739884296e-09
0.007969746771703479
0.021599929920020466
0.2338999471323674
0.6478531128306536
0.4987099903474834
5.883222133462596e-06
9.79853475036041e-06
0.08111069131619786
7.741227103785775e-09
0.319022135594055
1.1591290766999052e-05
0.3037955531500426
0.43726785518482636
0.0026684156166608686
0.2635487053774951
2.968635716471546e-06
0.0007588943268405091
0.7323861042164579
1.5049752136730987e-06
0.9990425331135231
0.06455184162702454
0.0005982680862598455
0.00701493328945324
0.0012040254372066572
0.05038153905057108
0.0010827358372860196
0.3542163801789616
0.001281569976861352
0.019581234499297717
0.0018661037090308419
0.034534776661111155
2.381919106397845e-10
0.4941727022178497
0.0031784842695957716
0.3503228011882774
0.46735177686774076
0.009922876358065769
0.0072264636819237005
0.802897163815424
0.3542509944234159
0.1449338868462372
0.7959183673469388
0.43205335020001767
0.22351105543170158
0.000955387641492389
0.8716637281501177
0.002165877315515763
0.6668638001472164
4.328404901809968e-05
0.8611787766448792
0.014312825249108596
0.4814121171034804
0.025010699407638448
0.016502461831146453
0.7913631237920045
0.6559139784946237
0.7781107358915801
4.8810120722997397e-08
0.22812014746239762
0.032376155195613876
3.332300671254895e-05
0.8580969662653295
0.043214743118824006
6.1586789364964645e-06
0.003327883878273319
0.040248689799706194
0.46745952435532256
0.034833735677180955
0.1271443843204927
0.9835103349410426
0.07247316554521677
1.6018183224275617e-08
0.11958166228853517
0.11150905756791651
0.5866736213363579
0.00011197605584500891
0.008724956600714484
0.007415100090676696
0.0002547428792726292
0.4632064300141454
0.04580727213181679
0.10835150853494369
0.4048806751053161
0.9184363783047282
0.2701991818872095
0.036056200859814425
4.840967482433456e-08
0.9918995861477229
8.2142194176682e-05
6.301990705948057e-06
0.08002868791513296
0.9999620666684153
0.9988494168009825
0.9996971177338182
0.5755173682259581
0.0315297671986583
1.2936318682932324e-12
0.2457884808802403
0.7777312434513758
0.017085084469319778
0.0690989029960567
3.234283507680402e-09
0.0017797318714245502
0.7569657767738557
0.023283400164453516
0.8599612482841517
0.41396641483201857
0.9517690720361152
1.449913610285236e-07
0.5428590671186759
0.00012798066141161968
0.024378849879127973
0.01985936976978353
0.32361350350945317
7.162486139522528e-06
0.015978022028086403
0.32193684157878666
0.09312573693593273
0.5
0.48630136986301364
7.921285849477044e-11
0.0014609515437834508
0.12698412698412687
3.8514069822248587e-08
0.0004704110405401307
2.364662966658493e-06
0.4350582563459253
0.015797033012173167
0.08315960801448019
0.9996500971600891
1.2780704386594621e-05
4.074171722212583e-08
0.6272738050243953
0.49678361919416925
0.00683361335112187
4.267048833050957e-06
1.9411969390814576e-05
0.027914580191068183
0.18435913523787728
0.2588498126952954
0.07086289375156951
0.43811074475616396
0.15597182279525534
0.31149893669949025
1.1901865759611496e-07
0.27275345487511315
0.06443056743823095
0.001768671296901947
0.02344085807025542
0.03330715236065529
0.0044321430406432105
0.8855518663861471
0.9896487364660355
0.003969747029165305
0.690039626196705
0.054680055992411436
0.43371630735270184
0.12369010930398572
1.274871791134835e-06
7.61222763379088e-07
0.0029415084374774247
0.5688295154158807
1.7352913447621354e-05
0.7832985626127209
0.4362110927144376
0.47680412371133973
3.4343385912904978e-09
1.0072222056400904e-08
0.0008226469426455552
0.006562047644042446
0.0002483254916151312
0.5
0.25505595376001133
0.4632064300141454
0.001547174210251634
8.543061110088956e-06
0.7053469852104663
0.9691005088796942
0.2253206948473655
4.090110639065614e-08
0.09093026618933675
0.9040033425179271
0.5262327818078083
3.649147650719442e-11
0.04779770641599146
0.9936538827606238
0.0678995703170262
1.3480586202874179e-06
0.5384615384615385
0.010161015548413754
0.5262327818078083
0.14184357888454024
0.05470835884526759
0.9675662125570113
0.022426254589369643
8.06289900223689e-06
2.3424984174624797e-09
0.00011195558305399089
0.21105986924296893
0.09318853016288142
2.4020875466490565e-07
0.0032224707109136386
0.19035048978398728
0.5262327818078083
0.002969700157176014
0.003344648522720539
0.8103700798279473
0.0010691523020728289
0.732252868838992
8.394174244585884e-10
0.7559227923014858
0.0023785162556004824
0.0883299848590402
9.059402392708193e-07
0.023532767131969612
0.5814158390995051
0.007353761563050121
0.00134411702715298
0.0004973617070110903
0.8769097657995486
0.07889918894941106
0.728161235844729
0.03241049057525247
0.05009084085942095
0.02221331156756634
0.06616516643295978
0.9988640620987871
4.6520698404606264e-10
0.027931983398338134
0.9913856020270143
0.20039565632423118
0.3550045195782974
0.08533094527304563
0.831416446999555
0.007417395592412834
0.016998445303120446
0.9937926819768487
0.35206736203415234
0.0407172653078971
0.8990606725072741
0.00033097169286611106
6.9305705618916136e-09
2.1119592265805842e-05
0.15203902981368078
0.9852746498669319
1.9580302951238693e-06
0.01916603114008053
0.3537285843556862
0.3881392322973716
0.0011669358437899069
0.002411120611188533
0.999664600759134
1.920995916748769e-05
0.42826084500095596
0.027914580191068183
0.137735687089651
0.7682853322314981
0.47371004258414706
2.2262222953983724e-08
0.01774142280405111
4.21931922067742e-07
0.00029615546903183354
1.057464350784354e-05
0.6429746968771689
0.00032077121373608186
0.07542538752397598
0.9999235260788332
0.005916419360831204
0.00028399842300608213
0.023071957517791786
0.8264208470983496
1.9693744179871686e-07
3.03252933875342e-08
2.3792520107424053e-06
0.0038433403481671347
0.02902983267596604
0.016113846425716005
0.3706477394233805
0.0020279067615770474
0.9968399834490346
4.941901882382638e-06
0.0011211158672495003
0.6116526787792738
0.574549474228723
1.1706546287904018e-08
1.3814298149839033e-07
1.3521933626026161e-05
9.288440587340574e-06
4.542777265470477e-10
0.6755407653910152
9.76018843079629e-07
4.454944206866429e-07
7.003186292908747e-05
1.1720293642603075e-05
3.091882305739091e-11
6.918080786011416e-08
1.9186011169458617e-05
1.31014542215091e-07
2.8353280221438126e-06
1.9910514067467133e-06
4.126208306842738e-05
3.5466762859925893e-10
0.7553116307767885
0.3693910911319984
0.9999823615463225
0.001262178615930254
0.002970176483627629
0.09743300779911812
0.021317060442521796
0.0007828393317691473
1.2322754975313543e-06
0.8277351157143948
0.130752176880917
0.924386361831471
0.0878361047135614
0.4199459267623523
0.28799073123504293
3.245227145898255e-07
0.9965415123760807
0.9999990655938733
0.00016155506586224
9.0832753540937e-09
0.6839810825199977
0.001121961177779185
0.9997808105677338
0.003762177148329271
0.1412747946087891
0.11831305729911157
0.3280162766426772
0.016797841232218613
0.0001692212966930562
0.32344938718613037
0.6322807036538634
0.0027756864867478637
0.20220158273840483
0.09809310258437542
0.06869081895829454
0.35315137735745705
0.008894314182963603
0.3854821863569581
0.07434346384329171
0.32726467929731096
1.0544340955931375e-09
0.9604314263108686
0.5
0.08235024383018441
0.02558638030745053
1.2247797929187954e-06
0.04007875656857263
0.03503423801287431
0.03503423801287431
1.920995916748769e-05
0.18435913523787728
0.41921776571466474
0.0
0.9219060859322742
0.7242850260256373
0.43310219888246115
0.8543851582222008
0.22303500966069123
0.07734398059298542
0.959117838227118
0.02219005483901404
0.000636150534767066
0.5862958153672356
0.000905281982732542
1.2981964392366763e-09
0.8677106002706121
0.006021739656148495
0.06466705373941628
0.03530056667962245
1.920995916748769e-05
0.03503423801287431
0.027914580191068183
0.16516520272640633
0.12698412698412687
0.3215381549717634
0.7524242554370857
8.663272837194924e-05
0.04134272714283882
0.015729020765790747
0.11128501527976331
0.0001938672832079158
0.12176134541475725
6.768695012548953e-05
5.2589044230444415e-12
1.0560567932360598e-06
0.04852542005152616
2.2537126858401813e-05
0.23716745926143934
0.7557334947834434
0.00020472375181879165
3.617711490799813e-05
0.10889637961649234
0.8642684816605085
0.11058776320061992
5.707545547295467e-11
0.13893052066196054
0.00010953097366972475
0.0027902814810522036
0.0021630959166342167
0.0022104069426515105
0.2842770207187344
0.8054519950326565
1.894613321784533e-08
0.018140762024450585
0.0009662618918344634
0.0017189168573710223
0.6522363850194445
0.0005817911222010252
0.013553928384256841
5.8521141186096415e-05
0.8946072067890066
9.481911076514304e-05
9.822716943164167e-07
0.7059168237425959
0.8223387458210163
0.5249602131705896
9.597433958674628e-12
0.014382165817392933
0.00033435980590890146
3.7168236619145034e-05
3.655041982963958e-06
0.25835802967511745
9.568860837028126e-08
0.038091647905717396
0.19861220968126014
6.009249578031728e-05
1.2024846312019832e-06
0.6619854031611819
0.9525755809309882
0.5262327818078083
1.0083780477287974e-09
0.24035042917588334
0.02718959037007851
0.3560115509428916
1.8821708636096446e-09
0.3939352916522024
0.9962563464533771
0.00037251047893260836
0.5145222013921744
0.6775515530889429
0.8902467039877239
0.03603262219671444
0.46623483661931053
7.757157138854609e-10
6.483685461855515e-07
0.0964006384931495
0.19558334552187973
0.4186911048862013
0.00029158099009196636
0.005768778914555184
4.2759559504279565e-07
5.579314787951262e-12
0.0031256055184989417
0.007847941868800556
0.3441496112512352
0.26925480542210156
0.9999969223030563
0.6558628208940429
0.00027462015540780094
7.209236753125126e-07
3.8645930415803775e-06
0.2890874116740071
0.26665674198573264
0.0008111064993241435
0.5012634494003297
0.0003033351685217678
0.6558628208940429
0.0007934043644998168
0.0011334973238230628
0.1809624681039449
0.06413447482247014
3.022338154190507e-07
0.00015996435701637335
0.09859154929577485
0.42832177808348537
0.2174555598536062
0.00640087606691353
0.06036107407832236
0.0005617405940843145
0.6603385298357587
0.24997934896405893
0.16563148465859012
0.027823867446836625
2.134077306781279e-05
0.14769405977411987
0.48608855451104216
0.05129594107875579
2.042810365310288e-13
0.050161768121025685
0.0040130129079555266
7.69953956147873e-09
0.002727495411170122
5.3130837818549104e-05
0.0032270992006186994
0.15258541937922643
0.014041187001127997
9.541644128818749e-05
0.6316121321613996
0.06254308377518392
0.8357510340538886
1.7821085784963664e-05
8.042509655048491e-05
0.0032409299006569414
0.07379077361701791
0.6937041827325253
0.0016000761193999402
0.5170616243071067
0.04349389249642843
0.03673507116833008
0.010980341649826753
0.0026334500488464085
0.4865359478207004
0.4473518383957278
0.026275403029034305
0.008077239215564247
0.009999658357350394
0.055710915128556304
0.00025696753456772026
0.32895169509855127
0.027362935943245348
3.6968596406339316e-08
0.00017352974188022952
0.001279824230365878
2.5080845649227967e-06
0.7799680832459455
0.005054656055614171
0.29983798599831
0.2893503406205524
0.0
0.0008089908619320907
0.002684703248884146
0.0002992261433438781
0.03745173179472627
0.00016526480412371036
0.0011093227370997383
0.018560571909939982
0.021056483095949763
2.513968494721741e-05
0.0013895886605519436
0.4825647313188297
7.260473724912675e-05
0.2854356124236568
0.23989649543501668
0.2748597912096167
6.051159573416953e-12
0.020739944687897527
0.9980876500281298
0.00047142045115666775
0.002868058918916283
0.7427713308599231
0.5579623921165815
0.4256460943347964
0.3997268656790739
3.83105805523698e-07
3.83105805523698e-07
3.83105805523698e-07
0.03892883767598265
0.9609100261259436
0.7243582547121765
0.5757094201019256
0.02510171028777941
1.7098000509196964e-05
0.16657417981545142
5.328140728622088e-08
0.013747569702732498
0.00815814973806972
0.4734508718135835
0.0015244599797695768
0.9112089347449692
0.03952194181827373
0.08476700956229466
0.43768956347085597
9.56764379889119e-06
0.0001716082421926446
0.0239481134967352
0.9274807539417174
0.0060815481884570755
0.006023059854993518
6.875941768080818e-05
0.000245457878236488
0.3626809075832943
0.9935723893963889
0.0008635898277820075
1.0342457001932814e-08
0.3154823724865472
0.1907921560373882
6.750355872053859e-07
0.008220781685593592
0.6652049855698473
0.05899325001433986
0.0923374097453945
0.5262327818078083
0.5936368042529744
0.08063903504470227
1.918354364249808e-09
0.269233816017013
4.288897780257983e-07
0.1235983575975641
0.04669388346467984
8.390018769510732e-06
0.18179839949254717
0.0003337323219426702
0.9999277658625133
0.9999277658625133
0.25505595376001133
0.025434489199203103
0.3598121101184639
4.0023776171072e-07
0.001807869166908893
5.79881302764651e-05
0.5260380546163604
8.972795116246601e-05
0.00010052769396351469
0.08862430710069502
0.028872900246592392
0.035718889905041684
0.0017337206237694192
8.307773719373746e-05
5.125677660089423e-12
0.0011512649643469208
0.0003046261831938235
0.4670409298627479
0.017035094035684373
0.0029324246028282763
0.9442177749018732
1.2565726237312447e-11
1.2000119572475043e-06
0.9817746599508429
0.006894538622321922
0.1816276279702338
7.969557125342419e-09
4.264923608721105e-06
0.009194118694760611
0.029616302621058854
0.002615214917755182
0.5305096913137115
4.7836250075539155e-06
2.399913255901609e-07
5.782491456773897e-07
0.3846153846153848
0.6983293365257608
0.10553576935513131
0.016778111634428217
3.7871705771408415e-09
1.6467482318649473e-05
0.028172785882686346
0.4919007215293264
0.6558628208940429
0.001297858828002263
0.3846153846153848
0.36746948661139744
0.014973822448312912
0.0019340597497597978
0.10247274206785684
0.9964140681841932
0.00020684876580567835
0.9137772743266968
0.0001724013474325714
8.247646084535987e-06
0.8902330564856081
0.8011486808736186
0.05747748560800037
1.359485457474996e-05
0.3116717531495742
0.9726958970747147
0.008601803427977561
0.15047841444564825
0.8728461488196511
2.5599175002000152e-08
7.537333875928809e-07
0.0
0.15822100084117607
0.0232500915512186
7.377043697354146e-05
0.4299576709926922
0.47795503931718886
0.09136573308475604
6.481418676651529e-06
0.07135642623957672
0.08575801924317195
0.07161243036586684
1.136922532229967e-06
0.1935831602644118
1.680416217286762e-08
0.08651572607539848
2.964931617999156e-07
2.641055873220388e-06
0.2481824199970778
9.32404392546271e-05
0.028052890071450065
0.010907063287468932
0.44488325150782415
0.0005523194481751315
0.022536562629221213
0.0025805574191890557
0.9992025458036801
0.2346350433941844
0.04739262285386159
0.12060384266882807
0.9887637515865367
0.9830460699498326
0.03681651699858357
0.002057610124858833
0.5836999412473395
0.9999999885615874
0.0001546132351947227
0.0005393741660465468
0.3001894323408423
0.0013145383387295206
0.5944388174572433
0.83150800336984
0.42777003507696343
0.0015822054620895365
0.043801744605732384
0.0003815704039826784
0.0037775671624868945
0.10511207329171413
0.04363000388650462
0.0013344648141188076
3.485824797788695e-05
0.48335263323166355
6.841878904118026e-05
0.03259199225259035
0.7266462955136467
0.9994773479743253
0.13476163817146414
4.8961627593380186e-05
0.01170205854744355
0.10689197328822608
0.5405001824085963
1.126064796963533e-09
0.01420785156081894
3.116740663444695e-06
0.1422604886175196
9.411877397891288e-06
0.04478256780436929
0.6331899539749608
6.339879811922966e-05
0.8557609512269694
2.1984097382077294e-05
0.30357983340645356
5.670636236132509e-06
0.023357873320314027
5.894547364104774e-06
3.8259583783339934e-05
0.004136463105586796
2.016153910489038e-09
1.741893729256816e-08
0.002191961276969856
1.0709863804581055e-05
4.6945691938082845e-05
2.994809222833794e-08
0.9999949426799346
9.112311483705504e-06
0.0819795164933389
0.17688758309952668
0.0009462517571390272
0.1729755780117873
0.07747669068248308
0.41002127123741505
0.18545049600000796
0.056403446173881155
0.0010855291075607676
0.017493397485709217
0.13292844861223863
0.07758052455911513
0.0933537471199648
0.20702083398151117
0.03647718881658035
0.046873962895600196
0.03178330258603035
0.7657806769317301
0.013291978402483196
6.510919892122047e-08
0.00011651715637417404
0.3302485663264493
0.9240579772242886
0.07232888146720684
0.3448393304662656
3.473134247977683e-07
0.1035406781916951
0.4979862900894352
0.13625490964765208
0.12413793103448256
0.0002523690479669938
0.023458565301401113
0.10546293497358805
0.00018006380754553852
0.0013532047857534035
0.4751431156604242
0.1878827795853345
0.011988622651615821
0.24290198941375518
0.012276809348188422
0.5262327818078083
0.0678995703170262
0.1426760866353609
0.10104496800381846
0.3960316961158252
0.011201052225801256
0.378048780487805
0.016280349690049878
0.00015192228086502446
0.027016638368162815
0.2986486486486488
0.0024956668663581594
1.626575697011301e-05
0.002570050821227965
4.436469859259162e-07
1.4643247496781697e-06
0.0800757326296131
0.018691631282006238
0.6408532584894949
0.002289359156780635
0.0016052461224487224
0.9941556971692118
0.8433733958509647
2.7602238161783532e-08
0.5495594067701617
0.00019882813798965948
7.320810624378282e-13
0.0027023402645534045
0.5334026339929475
0.15966215360946578
0.03811998993171295
0.036706210873321155
0.581416839809489
1.0641558556567787e-06
1.3855260103001754e-05
0.9687478513073476
1.2426143780608356e-08
0.8621967203158614
6.17989037721145e-09
0.14968063107292273
0.06888091320179335
1.8565766946032625e-07
0.9999998926555389
1.951524591925491e-07
0.574549474228723
4.7035218730950845e-07
0.15486138580039677
0.00010409605853534121
0.02574916115431025
9.725553695716371e-14
0.6317853705682674
0.304961790925225
0.5017274482236017
0.6273423833661879
0.002339887147822295
0.1405071967100754
2.4046600733851342e-05
0.003548045288495061
0.3419595038712814
0.6922714418303353
0.019660766716697586
0.13043478260869557
0.0847958891161571
0.000389828152223215
0.0031818543951698253
0.6558628208940429
0.005178328882230354
0.3351038137061819
0.0013934576063580062
0.053343252917557815
0.29354621433174277
0.007158214329818224
0.9985224150660764
3.966698081114828e-10
0.9997154551697788
1.0290901150122878e-06
0.0732603620718063
0.00015920812488456892
0.030767786227611227
0.00259719248412571
0.5139647863799457
0.33423913043478237
0.5012634494003297
0.41847505327957335
3.01285237203075e-07
0.00013661455451907667
0.09036435672994958
0.007153279963905135
0.9654345803354653
0.003009007367694272
0.9973956271313199
0.7340574940501031
0.5
2.117724675620991e-07
0.0011550922120916463
0.00873929085020797
0.7048079836401302
0.1188553433132079
1.0
0.8572491379592883
0.4283533839769964
0.6037259783171506
0.034541795064245484
0.9215455067606271
0.9949912006850027
0.014541635942548536
0.40510095416320235
0.48930641602861735
0.033046910276263275
0.45423728213518144
1.6685022355966694e-05
0.17451196527558677
0.0023596738949825946
0.9989014570789976
0.0002534113002602423
1.588360576398884e-08
0.9446708724553042
0.013172479840535378
0.0
0.0037017125490067526
0.8982087478631245
0.9999530765379991
0.000620973128711122
4.328741931569624e-08
0.0006903311566659465
0.9857768576316662
0.592136008242563
0.06426261770675623
0.018495582925087684
1.0
0.0430171238115461
1.3366955012972248e-05
1.3366955012972248e-05
0.019590153678818223
1.3366955012972248e-05
0.024640471276455966
1.3366955012972248e-05
0.024640471276455966
1.3366955012972248e-05
1.7489232284617628e-10
2.0252222121541763e-10
2.5802915359918188e-11
9.608587814291525e-09
0.0002762899275667863
4.7022103678684424e-05
0.1491453901487625
0.3449459627160447
0.9999750472033208
0.0002098446546258126
0.4585037820069461
7.774107706470801e-07
0.006317938462930495
8.118868727335915e-05
0.12343889384658457
3.260436295748903e-05
0.0009735926490619384
0.002888313515020169
0.4008324926662654
0.15169711242721085
0.0001843390295573899
0.29680284159684545
0.0009501997642507032
6.270629345817014e-05
0.11773595651578539
0.9500755499276985
0.00011945136078872487
0.00706701498400597
0.0019719398179630643
0.12698412698412687
0.08628180576869382
3.6292348489119775e-05
0.3846153846153848
1.872688670800926e-10
3.064215547965432e-14
0.12260254663448955
5.137585912251552e-10
0.46435384863299023
0.78191781278879
9.343636975245317e-13
0.013502865145238685
5.467861718955191e-10
0.1359037156476629
0.25505595376001133
1.1750215311856493e-07
0.00010574237915550455
0.9875975235216599
4.266323977430986e-07
0.5277597906500656
1.0
0.0967869249277803
0.8077440180096211
0.002240671783789283
0.11118743720012003
0.001571328849771736
7.952158259727504e-05
0.05295712383302065
7.993605777301127e-15
0.4235033259423502
2.162590106991047e-10
0.29661497229459677
0.5262327818078083
0.6801306496093531
0.00016958160114921572
0.5698155026295784
0.009214068826748356
0.23736645981436932
0.29519821827311443
5.150385143704028e-05
0.6541299100987479
0.9999725946459156
0.6994590939824207
0.011209042761358923
1.6515967073971183e-06
5.55725465645196e-10
3.678703056619881e-07
4.374278717023117e-14
3.546053815806083e-06
0.02216182657041288
0.00104180978382995
0.03336794053014813
1.7479954927956953e-08
1.4609553952826815e-05
9.38543251338686e-07
0.0008368197530970178
0.020321241879880825
0.006731736141995737
1.3416157602641476e-06
0.010308234173079578
0.5230468173976165
0.9622480271639171
0.001740387067398319
0.01949873627287535
3.5210579230060546e-08
0.18694808896225756
7.047094463530357e-09
0.003847173844055307
0.7704541346164983
0.2578156263146961
0.010109756031997486
0.29762779519030624
0.05437912029753711
2.4513079021959427e-05
0.19350241136961532
0.00807676575490568
0.3846153846153848
0.0018061669742662767
0.7391304347826086
0.10659372064541117
0.7795229979671993
0.11017648447616368
0.17012970688437146
0.03418147263869831
0.9138815255849381
0.3071786083572168
0.9424525053880717
0.5604790820465206
0.2949784125463869
0.022488687878227
0.0001580335561619517
0.07021423166803087
0.0008970605741449589
0.012938333719638595
0.0002699169623984199
0.36227068381950533
0.37223837865817
0.1642207765645446
0.9246840387881279
1.6072736975791813e-06
6.016959253063447e-08
0.006905230481701996
0.620575030894361
0.012773812163873743
0.003921804283637753
0.2331649020613289
0.07702737890586542
0.3846153846153848
0.0006006214552964906
3.0344698531692416e-08
2.4654173896410114e-05
0.5
0.4170954670743431
1.1473774264025849e-08
0.049516458471126845
0.5
0.0963508612329338
0.0005593445695831756
0.3846153846153848
0.004475533962344458
0.7795229979671993
0.27805311190313786
0.958992173241543
1.2408536564922912e-07
0.4960373653935166
0.04740798811114555
0.00961286584335086
0.3509857258255791
0.0006006214552964906
0.0035079809047937616
9.524984637876432e-05
0.019800273127788315
1.221352435276657e-05
0.053258365072945235
0.04312474945997635
0.00018486694397312764
0.3846153846153848
0.026263031194850406
1.0725065305861037e-06
0.00025227038819808367
0.8410248990032342
0.06871826396069225
0.8013920289782367
0.051630116838483286
0.010990134403485063
0.19036148726642343
2.311484337269576e-13
0.9479097261684567
0.026332360553470213
0.00033882528377993104
0.09909209569687616
4.084649771529669e-06
0.7605423009038836
0.12114853663622038
0.0017867506820081758
0.01455985362683243
1.5112331414046665e-06
0.009003377434128601
0.2044355869360398
0.015306438179553239
0.006758082028969548
0.1547055387570646
0.2252986288501534
0.9090505977091955
0.038252144973336843
7.744107288765179e-08
0.85999206756244
1.805932290821488e-06
0.0013795258143000089
0.8503712566414464
0.7194444444444446
0.11712947457509382
0.0419578563370363
1.7162586930519197e-06
5.250883137852824e-06
0.27802546978138465
0.7243093008221568
0.021370582625879653
0.5
0.1825303652917828
2.0150454638212523e-09
4.993340232140042e-05
2.8296999965427005e-08
0.0054635401042201215
1.2805455082975925e-06
0.4161752644064586
0.0009939447068995078
0.18389575820238135
0.40599222056394413
2.7569558047613185e-07
0.002105762689745383
0.18659645700170657
0.1336843868480011
0.015434288932767548
0.051275803484141735
0.43867475042102255
8.787406541310716e-07
1.514059738694229e-06
2.5435532757800416e-07
0.7039229583956543
0.00023637113541330468
0.23593570931332208
0.055747754269801164
0.00030996381880843416
0.9413514283025133
6.854491053587264e-05
5.797708100385712e-06
0.9395531162738067
0.004505809393952953
0.9825128153167558
0.054228250425005786
8.75766126284816e-12
2.652918108192459e-06
0.03941468174986629
0.6911764705882352
0.8284246220999102
0.14595674822824267
0.5886624670298546
0.007866222453329574
0.24893790854818876
8.709204422086003e-07
0.21796816664486973
1.4327165154259802e-07
0.3792488678549749
0.03244118261866591
0.06357078930469329
0.0015655734233330776
0.00306545089342547
4.056754931980322e-13
0.01948985800119185
0.8643805811702469
0.00019206929780868354
3.3757476721740787e-06
0.5
0.2149838869585171
0.945594978617622
0.8226596625758185
0.8788001808480351
0.3452787547128301
0.2659070642563013
0.17510635578132916
3.3381255180042757e-06
2.4973820011986447e-07
0.9901995929240317
0.007330781870034886
0.0739823790691525
5.542511803957595e-07
0.12375479006564682
1.886490963443066e-12
0.0010760456881986347
4.438736303846724e-06
1.3366955012972248e-05
1.3366955012972248e-05
0.024640471276455966
0.9209643659637489
0.0013078807477713283
0.9079790821456035
1.703401385566572e-05
1.3469239524388499e-05
0.5976707342397614
0.0020087960301297114
0.0001252835450440415
0.7000698562768042
0.0026597697552858124
0.01739604010406548
0.0010295066982319856
0.8603972716462519
0.9373766909249139
0.16003338455525817
0.0766172531038185
0.9956147382209019
0.15886001877442346
0.0004417812317403236
0.14503954638624073
0.07345016726943321
3.571970019766724e-08
0.015511269763708313
1.8854911520982398e-08
0.010471588510159724
0.17125456215895973
0.22189891727150102
1.3366955012972248e-05
0.1359037156476629
0.24160800711552133
0.3128377084974967
0.006997013156859744
0.1288990154022397
3.1588633153667445e-08
1.2915874836316732e-07
0.015117987123961174
0.011439084608784955
0.35171538090732224
0.05863624704022219
0.9996009947860073
0.01811727954697462
0.14566521131104626
0.014809643405793382
3.031353612570342e-08
0.9977164911287344
0.790131042018808
1.2305265365442075e-05
0.16277895466522618
4.3690080475666804e-07
0.2482737782628125
0.0014446923398055977
0.9074958313241273
0.09562963835747118
1.0440904496533676e-07
0.9907297797766136
0.22197507922692872
3.486520377959934e-07
0.18934057751438516
0.12688917764136787
0.12698412698412687
0.4770541437797108
0.0005135942754745937
0.9999999999998761
0.9738750309659506
0.7236778563390518
1.113820913278829e-08
0.0018379269035507795
0.16499909750248698
0.9400098595151996
0.058972888865979844
0.00010042451428526888
0.8284246220999102
0.0001331805860622648
0.0037303939930362073
0.02641753244937517
0.9973090212665288
0.03507883281283908
0.0018653738556445587
0.646993210379255
2.192719867222248e-05
0.9962196800521343
0.5383547516552619
0.9608905463273183
0.011811121701661098
0.9856927115132519
0.7527044919613185
0.41846443083974993
0.012992939716687246
0.9426740241617092
0.012168243150961877
0.971338887131424
0.5502635068993761
0.15077715138914893
1.117985844634184e-05
0.4524880916316243
0.18625024104607235
9.112311483705504e-06
0.546853295192786
2.358411244074432e-10
7.152242131880371e-09
1.0280664430872832e-08
0.9999950013243892
0.0004922948496483004
0.00014633976527611559
0.006452774034682585
0.0001414286055663183
5.318712317126106e-06
6.117857862419918e-06
0.027516256472788103
0.6407486380570186
0.8817597990356046
0.9213963688423559
5.927995871957137e-10
0.12698412698412687
0.04879840310953276
6.754488727223062e-07
0.15807662421030955
0.8986204344251157
0.0007535231950563936
0.12945915573199152
0.2771621392637813
0.017290576960003246
0.09482083005034825
0.0023878570059394644
0.9736824185141179
6.92191156548283e-06
0.03317763621101533
0.07225194393230883
4.5522808800324555e-07
0.03252684739681955
0.0028913432358357305
1.038427551514065e-05
0.3728076141997937
1.2244893495716447e-05
5.7418732043457155e-06
0.9811796103067181
5.99923400307345e-05
5.635709676710121e-10
0.0032116575308229756
0.7834137891700895
0.7163280906771068
0.0329629055674191
0.9665111839370061
0.018064343854207854
0.12698412698412687
0.0011644372753309984
1.0
0.5364834746106598
0.002229386695102642
0.3470419157823893
0.9458002089740447
1.0837818531506116e-08
0.9831121880960892
2.9254917821575077e-08
0.005080235569847269
6.757893104669677e-06
1.3284928712664623e-11
0.986020304234686
0.0009045060370348468
0.7981645188545586
0.00693462983812787
0.96798853107626
0.9665111839370061
0.00028745319777556677
7.977456306651476e-08
0.0012098812145204807
1.0
0.986991347106699
0.0007265600561661145
7.720467763983052e-07
7.74635632627696e-05
0.0003284451410364708
0.16620547900453475
0.0026397139260750935
0.913108161680746
8.35992264303087e-09
0.5045386865764183
0.9426740241617092
0.8362656149512034
1.0
0.015029317679762122
4.059936574707379e-07
0.37298697884408005
0.034149320903116065
0.013439457892720164
0.05557507832578534
0.0007112929283272784
0.9859743177359386
0.02638387239953144
0.00507927540756925
0.9762760430003
0.02901245175569178
4.9334758500663156e-11
6.030972800052936e-06
0.9412820357434786
1.593716891790109e-08
8.358799554242236e-05
0.8986204344251157
0.30269723060799236
0.1420171542889901
0.0896386420757408
0.032046518358553544
0.9313719010337431
0.8502572298399516
0.9749529641601286
0.22781688900963504
0.0009403255957580736
0.008159319824292077
0.03243420962544841
0.00012064244705833893
1.4732857667176802e-07
0.027735765922390576
0.8995908479695269
1.8490764475131982e-11
0.018531204882573427
6.3777174948986826e-06
0.15452265934922627
6.095999260935514e-10
4.001000112496822e-05
0.00037182746060715477
0.2716940120989517
0.7085923308003611
0.1157167965775695
0.00196817285374018
0.004323007379281707
0.5127336269976773
0.055440658140352816
0.8806282628482451
0.7769656980736367
0.21415251744665775
0.015616487296487791
0.6294761596528465
0.2443567089429426
0.01887162722108071
0.002296349238998685
0.14981544264835245
1.464326437883301e-10
0.07974771843694273
0.0038673325847624618
0.5298886013946689
0.07580135250291065
0.10524413222002693
0.014760344850818785
0.00016793671724812942
0.0010160638273967182
0.7795229979671993
0.6558628208940429
0.0023934260555481535
0.6382252559726964
0.01313680661726091
3.606162245484157e-07
0.46531136531457007
9.683215429490133e-08
1.0
6.625040508412283e-07
5.50984037317459e-06
0.381586606329266
0.15647309916041785
0.002001819419602424
0.2574383176937951
0.4118453535933251
0.2136782942730837
7.055136618816515e-05
0.000454069930048262
0.09727537452836732
0.14042327782760256
0.008894314182963603
0.6343919698970107
0.02111705345740067
1.563088872480467e-05
0.9409469750989593
0.6671664093760044
0.8522445214821602
0.9443850651152917
0.421874597530976
6.661338147750939e-16
1.9890090303675834e-06
0.07164269292961789
0.6261223219815918
0.8986204344251157
0.9969331108974142
4.589760361140005e-05
7.15119707694889e-06
0.9845922260542141
2.108091428087988e-07
0.18483345762194325
0.38182983357810296
2.485588707501485e-05
0.0016126987729369047
0.12964098350270215
0.9585232634914472
0.08478755819723938
0.05405236486400666
1.993032248792659e-06
0.015588218569691059
0.0003163201179601227
1.0
0.9955288324371772
1.0
1.8100665621911816e-07
0.35900890726799106
0.00613757745858412
0.9978313339113333
0.987494109753149
0.08372093023255822
0.4132428737887591
0.0
0.9999992591806183
0.07211586494930355
6.891224330063395e-07
0.35072516527654074
0.8867150082959295
3.5328541221346654e-06
0.013571523802143437
0.9426740241617092
9.448483062390878e-05
0.01919670921278227
0.07525922184955203
0.0002253115728207966
0.8986204344251157
0.01831807476457681
0.03444033120539802
9.641034449603403e-05
0.9991813784825856
0.6940368534873026
0.9958238330939497
0.394414316558107
5.404047334067741e-07
0.002469536795502658
0.4637479622754731
0.2270811734894772
2.1905228835272794e-06
2.384509174557792e-07
1.3730832350233868e-05
0.005071026148642854
0.00023981075845924682
6.305347150514784e-06
0.1089108910891089
0.5115845501346107
4.739189450431169e-06
0.9941932848216456
0.00295772961689289
3.510169932496865e-11
3.1067464424050506e-05
0.9987154255348668
0.5816184877485963
0.005953180506330535
0.03963797170831829
0.9665111839370061
0.9828417393430928
0.9629400316409817
0.002796923631708137
0.99999980949906
0.9320356068492941
1.6403900460204568e-09
1.0
0.01666812346743285
0.18450541842860946
7.618877417847614e-09
0.05702869021490198
9.197511648295631e-06
0.7779059086490888
0.4357912259561092
0.08291230798410232
0.22631951971822273
5.750891918232526e-08
0.006206855506092679
5.790138644945486e-05
0.007103861392889876
0.1405071967100754
6.937993213862459e-05
0.006974169111009343
6.923535078584564e-10
0.22618163807565306
0.26488316865428985
0.5949949762959545
6.862044865663108e-08
0.02537999146905834
0.44578313253012036
0.34470649563733835
2.375877272697835e-14
2.2033039648317043e-07
5.634095634476921e-09
0.9820612520927998
0.11618981620978996
0.003421107531509149
4.369304917872796e-11
1.0
0.00015320986794431501
0.9995283480866626
0.9903238830245021
0.036877537228684365
9.183339755303166e-09
1.8347546026920014e-07
0.9588374525246304
0.03143328531859291
0.026621665865607325
0.9665111839370061
0.10215737757798116
2.1288565578148066e-06
0.905516728957583
0.17143687680998532
4.52156046659713e-06
0.8562544547900943
1.1102230246251565e-15
0.9941876171895615
1.6147749803963052e-11
4.0657127109211544e-05
0.7186563296702138
0.98411822892895
3.496411230541341e-07
0.009189660090555773
0.017458764664346482
1.0
0.8577961504970204
0.9998197403585043
0.4575199086988775
1.0
0.19808862891852919
0.01725823272798188
0.0003431798089951199
0.06932901135654568
0.9867844517302471
0.0026387371111176172
0.25450291910576095
5.3356355850242565e-06
0.8986204344251157
0.0005298020316254481
0.9140911698755715
3.8829472970292045e-10
7.998324456970352e-06
0.9305455505637062
0.00822677267988825
0.7785120602696739
4.103825198553679e-07
1.0
0.5
0.0
0.34980774725732766
0.9248725615063124
0.004741559782739713
0.6787853595901868
2.663169684780087e-10
0.05770035773231341
0.230529976432714
0.916218627885539
0.2805740554099402
0.032175022554271515
0.017725957480941634
0.9655648698882109
0.8855805057490107
1.0
0.3473707346992614
0.9739170351386692
0.9955271931746749
7.706154342423943e-07
0.3287988704273459
0.006860842211277918
0.32826329173981694
8.772369391785162e-06
0.39018433542383313
2.943827293044876e-08
0.7697071731290026
1.0
0.00022906805534683716
0.5736873403904299
0.7885999536144936
0.954085051532711
0.8897641907470366
0.02972365788541731
1.439959262938828e-12
0.01927912287883693
0.056145476722499144
0.991687650062118
0.0
0.28327101913210617
0.25861275255024396
1.1224144312871331e-05
0.9929654900394194
0.916218627885539
0.07291219724316389
1.156053031081683e-11
1.0
1.0
1.0
1.0
1.0
1.0
5.50668995302761e-06
1.0
1.0
1.0
0.00013821228566146537
0.000262361074586992
0.03848870409353011
0.9026074423674589
0.15667392762169485
1.0
0.9978127762213715
0.9876863566138748
1.4824801830570777e-08
0.9481470378942376
0.9530248313140463
0.9175267187751814
2.6264138195397635e-06
1.0
0.9404699165734209
0.08490398150900025
6.968637546611589e-05
1.0
0.0002972313179615549
1.0
1.0
0.10615190852373524
0.00019708748003921528
0.10346519293413126
0.054076034565308295
0.9664213496459596
1.0
0.04042234837551928
0.9029531542915666
5.0335239969445666e-05
0.9999998192960757
0.1174995968232796
0.1203210012404674
0.8253662756649585
6.977040492806008e-05
3.9291593969537075e-06
0.0
1.0
0.4285714285714284
1.0
0.42524229832694493
0.9943122848378066
0.027505068870770866
0.05834597997894664
9.916837071077822e-06
0.3454574118885102
0.817805671343816
1.2690798563030903e-05
1.0
4.986219123814806e-06
2.7039076326840217e-05
0.0005979116351392255
4.877149339943543e-08
0.986812633576932
4.164047725618847e-05
0.9361761835225566
0.9970486289086238
7.28047079290306e-07
0.0016481907465570877
0.5262327818078083
0.002255606518523523
0.997908988413277
0.16555930293827936
0.9980131537665683
1.0
0.9923738494435811
2.5912605394751154e-12
0.8775156974535594
0.3846153846153848
0.08397780992059956
0.05811182893038458
0.851590827219798
0.2500000000000001
0.977432811997187
0.005334433777299252
0.5
0.561883765210807
1.865512189169749e-10
0.14414408831532832
2.992613956642742e-08
0.009874804032689588
8.01270161332468e-12
0.7923354231582717
0.5
0.9235452080284371
1.0692116909405414e-05
0.8465346018768309
0.029832161188964368
0.12698412698412687
0.07785260684860662
0.2698321367786194
0.0012876726302473163
0.5685665956932364
0.1680480890854481
0.9161627095104686
0.9141416881265491
0.40092512718589335
0.1936936265261231
0.036017469461612994
0.8853828374657587
0.12027340388008112
0.05800890681777304
0.13658500197739176
5.863261876015713e-09
0.7169924758048536
0.002199410462778273
0.0030017461194190576
0.6521097989854251
0.012081447114566601
2.669533158972115e-07
1.0
0.009753437005204701
0.11243958103564589
0.009722238809860784
1.3895584705103659e-07
0.013628357816295122
0.00030089348263862004
0.18194183621396598
0.8894320993115173
0.0658371678052303
0.6444826621013904
0.1570370754786512
0.6558628208940429
0.5
0.004904225204432122
0.9833262386935565
0.0023071684814341964
0.5924229265059563
0.5008287433084329
8.221844386424593e-07
0.009209655368467184
0.011429103577973665
0.029873191815501077
0.012042584348285978
0.1826897489525926
0.001255663529672213
0.2670148161937118
1.1000310757514065e-05
0.1358306784260095
0.14987701657518904
0.9448677535538271
0.7099670460986515
0.00019765033775265284
0.00015542342031060752
2.390354869763467e-05
0.7665278060524751
0.0015086283113552312
0.008388369388446781
0.8219199061320772
0.012778958009312502
0.000556230704125027
0.005837895680108507
0.07675042628127315
0.001009734937507334
0.05246117169323339
0.21841692996018824
5.318712317126106e-06
0.0001414286055663183
0.0016508878510945735
0.87978592893455
0.9891078690733849
0.9828198718796699
6.661338147750939e-16
0.31291815020350944
0.17199359834027872
1.0
0.984738948564617
0.0001481556167440834
0.002794071209880955
0.5617006454203192
1.5159202792713877e-05
0.022286827995232406
0.1454681515558266
0.5
0.00024610589337248356
0.15344398471937482
0.8077087976874908
0.09556879733134438
0.013224229865909432
0.05516458414131642
0.04166559782985091
0.02457507664494063
0.9768122632210124
0.06540250510305545
0.3163877522341989
0.00039187168110621506
0.9802684360931083
0.0009748797582412871
0.07389483785606454
0.9019028907045
0.9448026209242122
0.5506199276032542
0.256736453172998
0.928391874213341
0.0007399748308011267
0.38188982166242147
4.280823728164407e-06
0.004579796537419245
0.10256424956977794
0.10051205401269447
1.066326756216096e-05
0.9651636463469916
1.354472090042691e-14
2.6398195154153647e-05
1.2567600383484034e-05
1.4866331086715867e-05
0.171118578817693
2.6252684386385283e-06
0.32881600130665967
3.673836819206855e-07
3.6719229122850194e-06
0.00015552178727640253
0.6435601133765869
5.432649663461575e-09
0.5262327818078083
0.9859105541277916
0.166079736036002
0.9961303543321519
0.027739324858958803
0.007091843781593221
0.05790102689744969
0.00021877175761930712
0.9790611562429206
0.19019527165204986
0.10693265228378035
0.01522462439031369
3.4012926982684988e-06
3.7431779567054235e-06
1.2928103032550098e-11
0.08309556600286816
4.253389619068848e-05
0.992124476609988
3.247020430308112e-10
0.15789473684210542
0.6443973536666133
0.08679063853893709
0.2896123347924269
0.00016769044108144726
0.5554447346827962
0.008106787090874645
0.5099050763516304
0.07663806417851504
0.0003068965395249812
0.8612132352941176
0.996196552222429
0.5509190665293302
0.06097016949442868
0.0962500429940425
0.0056577314216358365
0.04739262285386159
0.005142976974423452
0.3470698965890071
0.0017547415680633227
0.031962129845956366
0.944375120601537
0.0017441911212956462
0.0396991193644024
0.09195444853429124
0.0016013641725508565
0.9162360253724444
0.028974402407028754
0.004934048151806869
0.28418705134292854
8.94721733422088e-05
6.244946010225405e-05
0.011904860911398418
0.09073653695629202
0.0015137702946129705
0.8643805811702469
0.7045172278684332
0.0004680221094629511
2.4589661429264e-06
0.460610147640241
0.2211356387821154
0.001625107288003802
2.9759306130472396e-11
0.02013266448702089
0.0046026893206339015
0.026292759825718548
0.023146547476142088
0.02049872153479182
0.4706329777487962
0.772951077085246
0.15027042255898548
0.8136744138883261
1.2587994946411385e-07
6.423667875399275e-08
5.081393559580594e-05
0.9644605846909169
0.03137972934977873
0.5
1.3322676295501878e-15
0.047520145799717195
0.23270384776517083
0.03641630269601992
0.0004005278217453778
0.9999693114537735
0.0
0.5
0.005321165889452528
0.9650453044684665
0.9900233732021422
2.5835184880307338e-08
6.691187638296903e-06
2.6055248347756077e-07
7.967280168941215e-10
4.160951583287442e-10
0.002999006580885699
0.0404979478296712
0.001474003860997497
0.042708019792368934
0.0029867408487964653
0.8605342163730959
1.2856382625159313e-13
6.236118115876543e-05
0.20719971020787975
1.8569600634954497e-08
0.014291668731562734
8.188239020157084e-08
0.0014889731455631772
0.23672652391937044
0.9999422329524655
0.00804989506306586
0.6878571441108137
1.784906442081624e-05
0.9902868695105528
0.9126387453218961
0.062266782286950706
0.7280056779680564
0.5235143845119791
0.9539483428991957
0.8051756242465161
0.7341557052118953
0.01852797839737641
0.7609665423357314
2.2447217011500875e-05
7.053015424030029e-06
0.9497677383903365
3.7502276839518345e-09
0.8906467222557882
0.018368580463490436
0.0043879949098905024
2.83088929353692e-06
1.0870947413366139e-05
1.683602832591724e-06
0.15741129232479745
0.5700597546002482
0.31843979152862123
1.5823405279391523e-06
1.2583640777386051e-05
0.30316402900655726
0.36507350065191146
0.9530248313140463
0.9071534150770384
7.506083036601385e-05
0.00017485153744078996
0.004398620331516279
0.741270546255769
0.0001604004180634222
0.043671888342365905
0.026410003751779487
1.9878644882398433e-06
0.966319351724552
0.9999986157210581
0.0525871831548711
0.8565294005506686
0.9903907112378383
0.0007562640790772512
0.25248021845222945
2.826837575131691e-08
1.3873244109063876e-08
0.13082804652201174
0.8985742406648826
0.001408655983649476
7.059590589886255e-08
2.705251247447915e-05
2.6338326867270112e-05
0.0034510194261671012
0.00012154578867584753
9.90690112967485e-06
0.003382918202250562
0.00010094816544237162
6.868534069282006e-07
1.3200038733174324e-05
0.014778405324129329
0.0657466147193494
4.907468483805744e-07
0.12846588132506565
1.5151282489300755e-05
0.0005854084665597448
0.957979420857203
3.837314788746049e-05
0.03582188863641966
1.849965960420974e-07
0.9999270835609878
0.6558628208940429
0.01732315415096053
0.9848355783891235
1.3350020705127363e-05
0.03166583344773044
0.9409393569556368
3.961311166866821e-07
0.03528040652683517
0.916218627885539
0.9585241672295098
0.02535459267633222
0.0001568281924946291
0.6110954544127174
0.017768144130909214
0.00029792461403144177
0.047904634384195455
4.1482656998326206e-07
1.36034584885536e-06
1.9984014443252818e-15
5.278505422123825e-05
0.0006871692860518364
0.01724910142512326
0.916218627885539
0.04191339129784866
0.3610412540235821
0.11467275227819962
0.46907597440990056
3.285514083017915e-10
0.008454499033960006
0.05868007879457182
0.0013866011493702812
0.027246607196044326
0.9427385938672712
6.086499537705237e-08
0.0009214753200519343
0.5401740693313426
0.1753641252983178
7.909872090650083e-08
0.38316408315881423
0.00037884959207534763
0.3846153846153848
0.5915273692369436
0.059076711685034033
0.9964649739309036
0.035167908167374584
0.022986117979834297
0.9259848159868982
8.064148609987498e-07
0.21892876440915587
0.00156921672000776
0.06384461689714382
0.08072938902483251
0.018421078309731942
0.4965157092647249
0.9781695804361825
2.530281044799132e-06
0.13043478260869557
0.5
0.1927794042761698
0.0014209559616614742
7.46413453267536e-09
0.0007761312899781103
7.34408606151149e-08
0.06497461502091562
0.0010651307630048512
7.742305916758063e-05
0.003766665405568692
0.051044761415847795
0.49534678765552986
0.0004488559234997469
0.8099686081545083
0.8225480038726198
0.0003352231196797062
2.6922096256765116e-06
3.3119174069895507e-10
0.06398802201666753
0.024008823356676534
0.21716306197273483
0.5135774933516934
0.010004269624790618
0.29597093107489425
0.00010602825494954171
0.0
0.44578313253012036
0.12004951653410245
0.00022369728467175332
0.5
0.21909613213280765
0.22242403680683476
0.7855479110443581
0.0028103703742667907
0.09828709418767334
0.005154049858963394
0.0001342561240988971
1.5787319496141095e-07
0.3406113537117904
0.007262172236250697
1.326900145315335e-09
0.18093070255567067
0.0678995703170262
0.00018922355589912065
1.6297913917329154e-06
0.0020211847907053437
0.1884374414869726
0.3846153846153848
0.16708732563807926
0.9676228791717503
0.40663695505049213
0.7903204837707025
2.3648353666749777e-05
0.40406203019200926
0.09189648295263231
0.5
0.22961047129388257
0.025808529545480963
0.4565562721629204
0.000284217286291244
0.676470588235294
1.9280965712908937e-09
0.0008859013450708275
0.48444444444444446
0.7073612814860861
0.001429917572158379
0.15775367026955067
2.6234669059377325e-07
0.03216386169765373
0.9971464588686801
0.6697124633530295
0.005425106530987267
0.002031800267007111
0.37165162461671686
0.5604591043871172
5.307320190106601e-06
0.8615233295816004
0.07442431062945731
0.001249977301704508
0.0949134873000761
0.00017777571772537026
0.5947459244603741
0.0003917952914015421
0.00014711641213682736
0.0014361723030247298
0.22109726886713688
0.0017375164031875334
0.47020572918975134
0.15082303489117
0.0003568065341699178
0.0549625756141936
0.018030670748404476
0.6732684101105153
0.0017990288408563648
0.5035847009228329
0.8487305095093697
0.8922696842843526
0.00197455996069118
0.684856637343346
0.11219706212423075
0.03430698935601362
0.2876283252583499
0.9655737631700051
2.3576413554216025e-05
0.0008383570006291752
0.9779288631264879
0.04027316041405282
0.005964620828149747
8.277783543730877e-06
0.006282719626847677
0.8109605577503564
8.221636704774937e-10
5.8356835030970444e-08
5.553113524570108e-12
0.9747251516437219
0.0337110983301766
7.515747494246661e-06
0.12698412698412687
5.614160247802147e-10
4.784396803181323e-07
0.0026141832037840373
0.0005053049324188486
0.04570661845972257
0.4719208982429436
2.7707616978567273e-08
0.9886611892968348
0.0013557492349136613
0.8401895009697505
0.9726956124910378
6.518527118082318e-08
0.024250737904352726
0.22981442134750274
0.030366121043478467
0.1758351243401226
0.5368859211312951
0.04792582089069097
1.4152692557667379e-05
0.0063950315793009915
0.0005498555441385555
1.3483948846371163e-08
0.0819541809946066
0.00451524604351905
0.0037982178724605964
1.1747953464480432e-06
0.004037698257234212
3.841333978682471e-05
0.5050547713852973
0.844973769361014
0.12698412698412687
0.9477314883238713
0.0026191725791200327
0.0028934794292378996
0.00478961310814674
0.12034761865898935
0.07808012254699304
0.4905071673028151
0.885026664817819
0.20304428240650085
0.08620494601942952
4.30355506786384e-09
0.002670376155880949
0.6668638001472164
0.11878927049843657
0.897825859917294
0.9751784758248584
0.003073564514666449
2.0796697697278432e-11
0.0002975933328475122
0.006949036389660934
2.2276722466685328e-08
0.466666666666667
0.0031435664795020912
0.002357411614567151
0.00022162384870261231
3.1031348601828768e-09
0.05126086774992089
1.4019896354966477e-12
0.020414820555987423
0.0038677477751050127
1.4966625657697463e-05
0.42174960631726877
0.0005297643778099381
0.00021231723409143033
0.2719292503448494
0.3586801578059645
0.0003597244086280815
0.0005546368406966762
0.1774964470331034
0.18516274676174105
0.996466833360264
0.6123538923044518
0.015444268131955874
1.1013458334208082e-07
0.0048918331481155874
0.059876990829228594
1.4509781776084196e-07
7.562173109931791e-12
0.028410570012935676
0.0015336171570885515
0.011626581508603406
6.470941560365873e-10
2.638994175796494e-05
0.0008126504874954588
5.059703192755727e-06
0.18200728811927303
0.05888217297397791
0.02255652210854775
0.25238145031697234
4.5569234519149404e-07
0.0962234169290247
0.48444444444444446
3.1671471065752854e-06
0.04132346284737143
0.9999915089050787
0.5262327818078083
0.9933901851641325
3.3721764047811575e-08
0.004113193951894911
0.4946526908210318
0.19953742545263087
0.9475936795351732
3.40394379350073e-13
0.0025069639497754537
5.797086068293211e-06
6.847684891120309e-06
0.12037453164111711
0.4845511045506157
1.1408371347609858e-07
0.11971034130632363
0.0029867021464115018
0.11968722384983599
0.6558628208940429
0.003682243945814845
0.03382002347316759
0.0004012282525498456
2.1800021930640234e-05
1.1641640651482987e-07
6.686860354321311e-08
0.166079736036002
1.1481687351988512e-06
0.013302219666793569
0.9802507245804936
0.6378727960408753
0.0006860408397972861
6.284543996315506e-09
0.7529747840731916
0.001029892180263614
7.113238909006725e-08
0.9838162737699321
0.0006661455719643161
0.5
0.00046486150293489903
0.00023663233973969522
0.09120761755269824
0.0009339292259075149
0.9988179614463376
0.0026074676215191994
0.7234063922129622
0.004497677907927766
0.011507076721520737
0.9615384615384615
0.10001529725063507
4.7222599660612374e-06
0.004518255112777814
0.0054428317673342885
0.8073034964922401
0.0016395780011437822
0.03475388352144193
0.8899828702019451
4.385250250593664e-05
0.020249458887145355
0.0001392581197298126
9.574359335684512e-06
0.000163067394027272
0.4311054498154646
0.10789055748857279
1.9984014443252818e-15
2.35865824848025e-05
0.09133135410953475
0.011355794027694155
0.05949601925433767
5.908871170134944e-10
0.14538472789520107
0.0005242771305881133
0.0
0.09657869233742888
0.7878496273956855
0.05745836060051801
0.9999604169376557
0.9950838468641845
0.18968004761504642
0.008554239407498332
0.003406231584196062
0.8920848201133044
0.027080343104054272
0.021013329145782578
0.000883202457041099
7.419241560446821e-06
0.006426297439775075
0.92158070458382
2.347042726835724e-08
0.7356460465473066
0.0012752147300861827
0.025515862478169837
0.00010131206375874058
0.09803295383414734
0.030308322314481773
0.09500945815043016
7.452375271432832e-05
0.0018504053454512226
0.12698412698412687
0.01832071636732846
0.6431372378146911
2.7024479209991625e-08
0.1425927019013279
0.606821014169666
5.952248957485917e-05
0.3846153846153848
0.03786002824502599
0.9520396027087215
0.0025879595900231145
0.0019644244433014713
0.05264218113711261
0.08081844095852797
0.0
5.221840355695839e-05
0.8612132352941176
0.06043521922479167
0.0006494546512963995
0.8119916765306295
0.11733495751136092
8.927497927924133e-05
0.5
0.08686676434965734
1.287177542519391e-05
0.00438431810293205
0.06961433140083284
8.406608742461685e-12
0.29966073677974825
0.5510381068028439
0.0019923148937022184
7.585329500414684e-05
0.7335317391323835
8.233862641704448e-06
2.7263518847520096e-05
0.18161083556691493
0.17092820970076128
0.5264113587144427
0.0006275885254890534
0.7806066782213708
0.034794550426536786
0.5375339982077754
0.2328180848821818
0.9519851573542019
0.979818524470874
0.0009502417538027608
0.5
0.9803456968101416
0.996717927211067
0.011073576285220765
0.02774689615745185
0.49700703884498276
0.466666666666667
0.00015415142615404775
0.00021136563368939765
0.12114013370761578
0.09042123825885717
0.6171907768767584
0.0035605759681801574
0.47875298711147307
0.006683318235704783
0.014203895008847445
0.0008734059617853118
0.9357516561498845
0.011483276249442897
0.0012969679305575577
0.008299211716513044
0.10589564419695163
0.0012713868367415504
0.028811116529332437
0.18812185822474747
0.7407404238367891
0.9947698113635673
0.0005202807381948782
0.0016591345332966911
1.3810020944249324e-05
0.5432974852084282
0.0002153781175815439
0.005679043265352179
0.08026254190091764
0.7053462590525921
0.14216575333121284
0.0005902254359997361
0.1575796392546226
0.12698412698412687
1.5341749811548233e-05
0.07868620660336445
0.9170779230298632
0.5262327818078083
0.0016154708526686656
0.0009801807265791274
0.8370083107141528
0.08205807021509193
2.1462573052133394e-08
0.442799276598292
2.2118511854851697e-05
0.0012199816762482607
0.44767845850986676
0.1535191759552399
0.2840223690911349
0.043612807063465375
0.1634207422506262
0.08863165101534609
6.570046728882062e-10
0.01585575089363156
0.967327241713818
1.0983658427221599e-11
0.00034464155835645105
3.1111895458790784e-06
0.00040445702927094374
0.0005568344787303392
0.08263727123830045
0.031148205322511502
0.09677419354838712
0.0008119059568286735
0.7045121437695104
2.294125347135356e-06
0.39724350240469586
0.00953470458559491
0.00025722745094547417
0.5788316424054043
0.027188206250696845
0.9999996002282852
0.20954457407495497
0.9950034514541423
0.7404966215038263
0.2641304835707684
0.17118629357692672
0.21262699286748965
0.009742910191923748
0.057090228010916455
0.0019564090934117706
0.008684488772503163
0.022492689610754124
0.1288990154022397
0.0002796037386063599
0.025128362070249044
1.782010827022784e-05
0.03520745863497177
0.6286638720268484
0.05716482572238146
0.1786201468905947
0.004419897821796193
0.005729599019802967
0.9047043923188987
0.00017955230382216136
0.7015330771040703
0.005862185792595231
0.005528897892315587
0.6012330243093867
0.004819974950709072
0.2998765606882299
0.0018244442327696175
0.24144416671854985
0.04739262285386159
0.0001828088324141719
0.2707912076925967
0.0007624280321462118
2.0412857771767712e-05
0.0028908700689377342
0.1970500324558756
0.726829620543717
0.6559139784946237
0.038431023234374306
0.27976660461317915
0.005336881261459925
0.00011397755293707235
0.09226937335376684
1.85402506311938e-05
0.00276543790797501
0.09209911704341567
0.1753641252983178
0.05937840132805705
0.21793317462551132
0.6119101783158809
0.17263212723130383
0.29677801915906576
0.001752521802409479
0.0014958293663394073
0.007542279075487546
0.000426252467771282
0.00017180887296752712
0.4748778684220526
0.17674247707189994
0.13943655006098032
0.034313815119429325
0.1546803194949432
0.0006609327486761796
0.019264166425772666
0.4737672181921908
0.0035286453224374625
0.009280476433313978
0.257240591952576
0.0005201748016940844
0.12762090131352066
0.1820136136471423
0.06242303911990521
0.09700786081683888
0.4083841776376873
0.9967167884340581
0.06642902212123758
0.011296443663705857
0.29170468194999666
0.21756294206725868
0.01762357523873781
0.02700405668686623
0.0011859224838590698
0.00068562339975764
0.04652033701921632
0.0029253364190536812
0.00011589922132249075
0.48288973384030387
0.49549607467128487
0.17832506855302743
0.9796781528519138
0.0015592590353029623
0.0037455505191289484
0.043523217482351995
0.006298688668949004
0.0005009757771611278
0.646598320666705
0.7251425282475039
1.0007772388576086e-11
0.9033733989523297
0.5
0.059618415669846936
6.904720043388046e-06
0.00015619274978939668
7.368370358307175e-10
0.3692617422999398
0.06931703052634375
0.03123211206354326
0.8337265532602277
0.7514531881110008
0.8828829358087324
0.20410726096518372
0.005475598135652127
0.016702648968278777
0.0005486559689062975
0.3025336379783171
0.001240468131471495
0.6558628208940429
0.06095170273477524
0.001354909996425846
0.0011011786158140469
0.0031630978881757033
0.02435471952743773
