0.026304024466588305
0.9721372359113029
5.843502897562303e-06
0.045433597121690594
0.13539356866755903
0.6554728882843289
0.05227962710550493
0.0008175995028444349
0.020015036813676224
0.0007307000774362526
0.3334422556517963
0.3846153846153848
0.005208940944332774
4.658290042836022e-05
0.003497276256203441
8.290717538583792e-05
0.0007192765034622628
0.21145062899810407
0.0010107322777955785
0.00026477718154593877
0.02616605260679694
8.158469566588167e-09
6.525668894141745e-12
5.4679545139380004e-05
0.9999998665700931
0.0001355743042971147
0.06728078317109054
1.3566925360919413e-13
0.06422905660099854
0.11374531126230969
0.026499317110309728
0.002845112936087024
0.9436176710983645
0.016250798478472328
0.09219211952195705
0.9335655965162108
0.8203446112627379
0.0035286453224374625
0.003486990487519992
0.004868491241704631
1.2858603071208563e-12
0.31128869399032466
9.30448546972995e-05
0.0026539340411675383
0.511652609428795
0.1999561836374023
0.0064331297760652495
0.0021825470227703203
5.580615369482622e-06
0.9618265285376457
0.165515519583337
0.5
0.08972281170686047
0.042160340723176315
0.0013305046613149019
0.8319299130260874
0.02640689958548914
0.03487803993980232
0.0019034252835995469
0.18354985152831038
0.8765840878550523
0.5323029166616317
0.9966844866146045
0.0002915180505976833
0.17907478361418705
0.05973074003494816
0.10186171839986213
0.14253726697503477
1.342164302364779e-06
4.3188689430095906e-05
0.04842559019278414
0.5696615136004265
0.005788204706577593
0.4096917518114591
0.04192617146444555
0.007358316170085644
0.003204384588131548
6.265038725694616e-06
0.003008150377397434
0.9054115205218101
0.04243495568578859
0.5553635066694937
0.029339900786552353
0.050223135571582866
0.06404119418713994
0.0010675020543570168
0.920588407560722
0.004341533157359967
0.3521628188076654
0.06403142481078061
0.0811827467942492
0.666527705502101
6.910519523284364e-08
1.1643246759507342e-05
0.01921099072656074
0.8241286978237922
1.9099792516019676e-05
0.3075601374570447
0.9644539773792521
0.8713431630953519
9.949787610585847e-05
0.0015325534412246045
0.938472325409412
0.001523341743966844
0.013768154879501115
0.8074818726998266
0.5262327818078083
0.01902106764542133
0.5099050763516304
0.026096438815543466
0.33187117130143573
3.224277811408882e-08
0.01963736259031701
4.352750665137517e-05
0.023646192703664415
0.14107322118793164
1.1923527187818195e-06
4.758304737007002e-06
0.7930867252217685
1.6558510562703077e-08
0.9984863958856907
8.9935613096781e-05
0.008130605027511506
0.037476369013213606
0.20575077243501338
0.00021505201231297733
0.33476423336349737
0.0010953505114087436
0.03662365110324084
0.021304678150109946
0.5737361636788517
0.0003791393424563694
0.001228386307725593
0.2779405853158159
0.07491869823010555
0.7020016082139283
0.18015044025285842
0.006268059807890136
0.96335233248311
0.03378871816181628
0.03052448775823713
0.8893143759982773
0.00032545376576764706
0.002849497199274742
0.011763674011001424
1.0
1.0365531466494105e-07
0.9765680979628149
0.0012982635014445743
0.01900477719790994
0.008668676861671498
2.613538274687244e-10
0.9999999999998594
0.00031899802363899443
0.08705355799205095
0.0006593486742615395
8.172660243388474e-05
0.02128995137291101
0.00012762933225796136
0.12223812492748609
0.017551824341457745
0.9992776124404713
0.3846153846153848
0.011828020811691431
0.9987649735726065
7.865319870725695e-05
0.88901099375653
0.5999999999999999
0.0050857540684954294
0.8777137293982051
0.365189445574439
1.2821688080144611e-05
2.6645352591003757e-15
0.08977563952868062
0.00019647956260138155
0.7332958092062256
0.5533048700601984
0.6960665562751752
0.008950923395506072
0.0860085152477037
0.0023850377496860142
0.037181868324832945
0.07828310401533267
0.19251288837294445
0.7129026530030823
0.456008449230178
0.0010340824200447685
0.3490807141472395
0.9641310730281741
0.02294014858903859
0.6774921075767265
0.9999866479381959
0.5779356223689285
0.0909067391073769
0.33122689083109635
0.9349823410181411
0.001154774570608308
0.07981457813197945
0.5124104092126441
0.3592894773944916
0.004680815935737548
0.0006437553360009174
0.015087848335452514
2.4565911607155044e-05
0.0003589126826181177
2.825437685272103e-05
5.775595900714414e-05
0.005350300718086398
2.618683344357553e-05
0.0009549093484535476
0.14700268809943817
0.024036709144735213
0.013812647377318243
0.12555212665582616
0.06293470103209708
0.022450108752324227
0.08619623528262588
0.038108570937482544
0.11976669445991239
0.02994561700325582
0.8617629969070045
0.3606969686864905
0.23077589291017653
8.74330263744838e-09
4.9241036616520795e-05
0.5420490367044027
0.9970459949168734
0.9904990790537282
0.15301539142784648
0.013398131326760043
0.0853080843655788
2.332794180048836e-09
0.8522212743610861
0.0004948086213223402
0.16471267246588583
0.9093923241738727
0.5788033643185336
0.6668638001472164
0.003261018388810988
0.34527875471283087
0.037389363034225354
4.500337438262392e-07
0.09160587141289578
0.35563038809329683
0.3964619454789309
0.0
0.7497147442858353
3.415128856376626e-07
0.010883294022001944
2.561131905443048e-07
0.00039650254885248426
0.0002630935051757266
0.00011319760494854503
0.8113621027690625
0.0784880611484935
0.0012707964060826304
0.48573733339390157
0.9969423414696337
0.001479607491264634
0.02712977840858921
0.40287700424676465
0.9995847188072292
0.018524205894307366
0.44321499896044214
0.0007705686918310084
0.008671611596917317
0.00021500828953169293
0.0020888605382516356
0.49007673954922726
0.0006434960523120647
0.3371761513684338
0.5262327818078083
0.002579462887620898
2.1567899272101343e-06
0.8294673473205539
0.5638140839335967
0.0836544703453449
0.05811534495994641
0.9778990748601026
0.000991979726674641
0.06170966588895421
0.3846153846153848
0.2994511875706315
0.973754217750999
0.030764836398349704
0.01094561408600303
0.9999305700261114
0.31924033535502805
0.2994511875706315
0.07080108581901046
0.24347826086956503
0.07481572782226642
0.9925407941547879
0.2778923966237338
0.0003621169145858749
0.6307026385447886
0.2764966211690316
0.15424709230494138
0.04529965570283223
1.2923574449819064e-05
0.8312920360255934
0.3286920238114964
5.702806559848561e-05
2.295131258489569e-05
0.19810158001164802
0.5976823093394925
0.004477790224887257
0.005585271552563387
2.258197445703658e-07
0.09860645945737745
0.3671214851733271
0.00018418386278651333
0.5664000376267393
0.0008939097077361735
0.00743876052047554
0.7807192821152915
0.0031661563776348434
0.004986982181500288
0.8577236197953716
0.3221479341692879
0.961188371476266
2.339006065055216e-06
0.0053086978353587
0.00537442106578101
0.00942007837142711
0.4703297818829991
0.006601895492635679
0.21498908773092718
0.0035998962873565743
0.2232917510053425
0.0780669144981413
0.015303369312666848
0.5
0.9999395463779409
0.03671600019957566
3.8034624483263e-07
0.1380339790401861
0.8758778208962923
0.0005375278736901024
0.062437273380669955
0.05023956375049621
0.021840778716312292
0.1729900575717136
3.331151499141871e-05
3.504067336290717e-08
0.0699183387732566
0.25377843898757413
4.379455379011077e-06
0.0685158592380779
2.7422508708241367e-13
0.47222779540339
0.14224054493906502
3.0232290879395052e-05
0.5608552201688802
0.018173456013085176
0.9682476380042158
0.00011423427883638926
0.0030316287987688373
0.25829849425229623
0.5262327818078083
0.9901273494391477
0.005105201528053049
1.1427587298662445e-07
0.18938777384984162
3.987120400839039e-06
0.6662961497062241
0.9109865554817858
0.001089594029994978
0.04597011064750778
0.006374201085376341
0.04069886258819444
0.07981156601981554
0.040650648991142124
0.02784437376858273
0.08156763933369393
0.19507008631646472
0.9997858050449383
0.0009305705922700858
3.880994535299109e-06
0.07657513287741269
0.4701871402325215
0.12350856163740875
0.0022262917226392176
0.5262327818078083
0.01770310126740582
0.006929394538691569
0.068799342614844
